510142435045524244505303310520550440450253305005415 3054
510142435045524244505303310520550440450253305012513 5 10
0 00
1 0
0 0
0 0
000 0
0 0
1 5
0 0
1 0
0 0
0 0
000 0
0 0
0 0
000 0
0 0
0 0
00000 00
0 0
510 142
000 000
1 42
0 00
4 2
0 0
1 0
0 0
0 0
000 0
0 0
0 0
000 0
0 0
4 3
0 0
1 1
0 0
0 0
000 0
0 0
0 0
000 0
0 0
0 0
00000 00
0 0
1 0
0 0
0 0
000 0
0 0
10 52
00 00
5 2
0 0
1 1
0 0
0 0
000 0
0 0
0 0
000 0
0 0
1 02
0 00
0 2
0 0
0 0
000 0
0 0
0 0
00000 00
0 0
0 0
00000 00
0 0
0 0
0000000 000
0 0
510142 435045
000000 000000
4 35
0 00
3 5
0 0
1 2
0 0
0 0
000 0
0 0
0 0
000 0
0 0
4 3
0 0
1 1
0 0
0 0
000 0
0 0
0 0
000 0
0 0
0 0
00000 00
0 0
435 045
000 000
0 45
0 00
4 5
0 0
1 3
0 0
0 0
000 0
0 0
0 0
000 0
0 0
4 5
0 0
1 3
0 0
0 0
000 0
0 0
0 0
000 0
0 0
0 0
00000 00
0 0
5 24
0 00
2 4
0 0
1 0
0 0
0 0
000 0
0 0
0 0
000 0
0 0
3 3
0 0
1 0
0 0
0 0
000 0
0 0
0 0
000 0
0 0
0 0
00000 00
0 0
0 0
0000000 000
0 0
1 34
0 00
3 4
0 0
1 1
0 0
0 0
000 0
0 0
0 0
000 0
0 0
3 5
0 0
1 2
0 0
0 0
000 0
0 0
0 0
000 0
0 0
0 0
00000 00
0 0
134 5231
000 0000
5 2
0 0
1 1
0 0
0 0
000 0
0 0
0 0
000 0
0 0
52 31
00 00
3 1
0 0
0 0
000 0
0 0
1 23
0 00
2 3
0 0
0 0
000 0
0 0
2 4
0 0
1 0
0 0
0 0
000 0
0 0
0 0
000 0
0 0
0 0
00000 00
0 0
0 0
00000 00
0 0
5 4
0 0
1 3
0 0
0 0
000 0
0 0
0 0
000 0
0 0
54 05
00 00
0 5
0 0
0 0
000 0
0 0
1 03
0 00
0 3
0 0
0 0
000 0
0 0
0 0
00000 00
0 0
0 0
00000 00
0 0
0 0
000000000 0000
0 0
0 0
0000000000000 000000
0 0
510142435045 5242445053033
000000000000 0000000000000
5 24
0 00
2 4
0 0
1 0
0 0
0 0
000 0
0 0
0 0
000 0
0 0
3 3
0 0
1 0
0 0
0 0
000 0
0 0
0 0
000 0
0 0
0 0
00000 00
0 0
524 244
000 000
2 44
0 00
4 4
0 0
1 2
0 0
0 0
000 0
0 0
0 0
000 0
0 0
5 0
0 0
0 0
000 0
0 0
0 0
00000 00
0 0
1 2
0 0
0 0
000 0
0 0
12 12
00 00
1 2
0 0
0 0
000 0
0 0
2 4
0 0
1 0
0 0
0 0
000 0
0 0
0 0
000 0
0 0
0 0
00000 00
0 0
0 0
0000000 000
0 0
524244 5053033
000000 0000000
5 05
0 00
0 5
0 0
0 0
000 0
0 0
1 4
0 0
0 0
000 0
0 0
0 0
00000 00
0 0
505 3033
000 0000
3 0
0 0
0 0
000 0
0 0
30 33
00 00
3 3
0 0
1 0
0 0
0 0
000 0
0 0
0 0
000 0
0 0
1 03
0 00
0 3
0 0
0 0
000 0
0 0
0 0
00000 00
0 0
0 0
00000 00
0 0
3 5
0 0
1 2
0 0
0 0
000 0
0 0
0 0
000 0
0 0
35 42
00 00
4 2
0 0
1 0
0 0
0 0
000 0
0 0
0 0
000 0
0 0
1 21
0 00
2 1
0 0
0 0
000 0
0 0
2 2
0 0
0 0
000 0
0 0
0 0
00000 00
0 0
0 0
00000 00
0 0
0 0
000000000 0000
0 0
1 0
0 0
0 0
000 0
0 0
10 02
00 00
0 2
0 0
0 0
000 0
0 0
1 2
0 0
0 0
000 0
0 0
0 0
00000 00
0 0
1002 1321
0000 0000
1 3
0 0
0 0
000 0
0 0
13 21
00 00
2 1
0 0
0 0
000 0
0 0
3 4
0 0
1 1
0 0
0 0
000 0
0 0
0 0
000 0
0 0
0 0
00000 00
0 0
2 3
0 0
0 0
000 0
0 0
23 23
00 00
2 3
0 0
0 0
000 0
0 0
5 0
0 0
0 0
000 0
0 0
0 0
00000 00
0 0
0 0
000000000 0000
0 0
0 0
000000000000000 0000000
0 0
1 01
0 00
0 1
0 0
0 0
000 0
0 0
0 0
00000 00
0 0
101 5303
000 0000
5 3
0 0
1 2
0 0
0 0
000 0
0 0
0 0
000 0
0 0
53 03
00 00
0 3
0 0
0 0
000 0
0 0
1 00
0 00
0 0
0 0
0 0
000 0
0 0
0 0
00000 00
0 0
0 0
00000 00
0 0
5 4
0 0
1 3
0 0
0 0
000 0
0 0
0 0
000 0
0 0
54 04
00 00
0 4
0 0
0 0
000 0
0 0
1 02
0 00
0 2
0 0
0 0
000 0
0 0
0 0
00000 00
0 0
0 0
00000 00
0 0
0 0
000000000 0000
0 0
1015303 1532122
0000000 0000000
1 53
0 00
5 3
0 0
1 2
0 0
0 0
000 0
0 0
0 0
000 0
0 0
5 4
0 0
1 3
0 0
0 0
000 0
0 0
0 0
000 0
0 0
0 0
00000 00
0 0
153 2122
000 0000
2 1
0 0
0 0
000 0
0 0
21 22
00 00
2 2
0 0
0 0
000 0
0 0
4 3
0 0
1 1
0 0
0 0
000 0
0 0
0 0
000 0
0 0
0 0
00000 00
0 0
2 3
0 0
0 0
000 0
0 0
23 15
00 00
1 5
0 0
1 0
0 0
0 0
000 0
0 0
0 0
000 0
0 0
4 2
0 0
1 0
0 0
0 0
000 0
0 0
0 0
000 0
0 0
0 0
00000 00
0 0
0 0
000000000 0000
0 0
2 55
0 00
5 5
0 0
1 4
0 0
0 0
000 0
0 0
0 0
000 0
0 0
1 01
0 00
0 1
0 0
0 0
000 0
0 0
0 0
00000 00
0 0
0 0
00000 00
0 0
255 1425
000 0000
1 4
0 0
0 0
000 0
0 0
14 25
00 00
2 5
0 0
1 1
0 0
0 0
000 0
0 0
0 0
000 0
0 0
4 3
0 0
1 1
0 0
0 0
000 0
0 0
0 0
000 0
0 0
0 0
00000 00
0 0
2 1
0 0
0 0
000 0
0 0
21 24
00 00
2 4
0 0
1 0
0 0
0 0
000 0
0 0
0 0
000 0
0 0
4 5
0 0
1 3
0 0
0 0
000 0
0 0
0 0
000 0
0 0
0 0
00000 00
0 0
0 0
000000000 0000
0 0
0 0
000000000000000 0000000
0 0
0 0
000000000000000000000000000 0000000000000
0 0
5101424350455242445053033 10520550440450253305005415
0000000000000000000000000 00000000000000000000003054
1 05
0 00
0 5
0 0
0 0
000 0
0 0
1 0
0 0
0 0
000 0
0 0
0 0
00000 00
0 0
105 205
000 000
2 05
0 00
0 5
0 0
0 0
000 0
0 0
1 1
0 0
0 0
000 0
0 0
0 0
00000 00
0 0
3 14
0 00
1 4
0 0
0 0
000 0
0 0
2 1
0 0
0 0
000 0
0 0
0 0
00000 00
0 0
0 0
0000000 000
0 0
105205 5044045
000000 0000000
5 04
0 00
0 4
0 0
0 0
000 0
0 0
1 3
0 0
0 0
000 0
0 0
0 0
00000 00
0 0
504 4045
000 0000
4 0
0 0
0 0
000 0
0 0
40 45
00 00
4 5
0 0
1 3
0 0
0 0
000 0
0 0
0 0
000 0
0 0
1 25
0 00
2 5
0 0
1 1
0 0
0 0
000 0
0 0
0 0
000 0
0 0
3 0
0 0
0 0
000 0
0 0
0 0
00000 00
0 0
0 0
00000 00
0 0
4 5
0 0
1 3
0 0
0 0
000 0
0 0
0 0
000 0
0 0
45 53
00 00
5 3
0 0
1 2
0 0
0 0
000 0
0 0
0 0
000 0
0 0
1 42
0 00
4 2
0 0
1 0
0 0
0 0
000 0
0 0
0 0
000 0
0 0
4 3
0 0
1 1
0 0
0 0
000 0
0 0
0 0
000 0
0 0
0 0
00000 00
0 0
0 0
00000 00
0 0
0 0
000000000 0000
0 0
5 15
0 00
1 5
0 0
1 0
0 0
0 0
000 0
0 0
0 0
000 0
0 0
2 4
0 0
1 0
0 0
0 0
000 0
0 0
0 0
000 0
0 0
0 0
00000 00
0 0
515 3254
000 0000
3 2
0 0
0 0
000 0
0 0
32 54
00 00
5 4
0 0
1 3
0 0
0 0
000 0
0 0
0 0
000 0
0 0
1 30
0 00
3 0
0 0
0 0
000 0
0 0
3 1
0 0
0 0
000 0
0 0
0 0
00000 00
0 0
0 0
00000 00
0 0
4 2
0 0
1 0
0 0
0 0
000 0
0 0
0 0
000 0
0 0
42 13
00 00
1 3
0 0
0 0
000 0
0 0
5 5
0 0
1 4
0 0
0 0
000 0
0 0
0 0
000 0
0 0
0 0
00000 00
0 0
0 0
000000000 0000
0 0
0 0
000000000000000 0000000
0 0
1052055044045 0253305005415
0000000000000 0000000003054
0 25
0 00
2 5
0 0
1 1
0 0
0 0
000 0
0 0
0 0
000 0
0 0
2 5
0 0
1 1
0 0
0 0
000 0
0 0
0 0
000 0
0 0
0 0
00000 00
0 0
025 330
000 000
3 30
0 00
3 0
0 0
0 0
000 0
0 0
3 3
0 0
1 0
0 0
0 0
000 0
0 0
0 0
000 0
0 0
0 0
00000 00
0 0
3 55
0 00
5 5
0 0
1 4
0 0
0 0
000 0
0 0
0 0
000 0
0 0
1 02
0 00
0 2
0 0
0 0
000 0
0 0
0 0
00000 00
0 0
0 0
00000 00
0 0
0 0
0000000 000
0 0
025330 5005415
000000 0003054
5 00
0 00
0 0
0 0
0 0
000 0
0 0
0 0
00000 00
0 0
500 5415
000 3054
5 4
3 0
1 3
0 3
0 13
000 30
30 13
23 0
2300 200
2500 0
54 15
30 54
1 5
5 4
1 0
1 3
1 0
100 30
130 0
5 32
500 450
1350 32
1 13
1 24
1 3
2 4
0 4
1 0
0 0
000 40
40 0
2 20
200 140
340 20
1 4
2 5
0 5
1 1
0 5
000 50
50 5
2 32
200 210
410 32
1 400
10000 4100
14100 400
2500 1422
25000000 1013400
30013400 1422
1 0
0 3
0 0
000 30
30 0
10 315
03 054
3 15
0 54
1 5
5 4
1 0
1 3
1 0
100 30
130 0
5 32
500 450
1350 32
2 2
5 4
0 4
1 3
0 20
000 40
40 20
14 12
1400 300
2100 12
0 1422
00000 25000
25000 1422
3 25
1 01
2 5
0 1
1 1
0 1
0 1
000 10
10 1
0 5
000 20
20 5
3 2
0 2
0 4
000 100
100 4
3 25
30000 3200
33200 25
30 30422
30000000 2333000
32333000 30422
0 30015222
000000000 23442000000
23442000000 30015222
5 03
0 00
0 3
0 0
0 0
000 0
0 0
1 2
0 0
0 0
000 0
0 0
0 0
00000 00
0 0
503 5145
000 3054
5 1
3 0
1 0
0 3
0 0
000 30
30 0
23 0
2300 30
2330 0
51 45
30 54
4 5
5 4
1 3
1 3
1 13
100 100
200 13
32 32
3200 1050
4250 32
1 40
1 24
4 0
2 4
0 4
1 0
0 0
000 40
40 0
12 0
1200 240
1440 0
4 1
2 5
0 5
1 1
0 5
000 50
50 5
12 5
1200 340
1540 5
1 1440
10000 10400
20400 1440
2330 4322
23300000 1114400
24414400 4322
1 0
0 3
0 0
000 30
30 0
10 052
03 054
0 52
0 54
5 2
5 4
1 1
1 3
1 3
100 40
140 3
41 12
4100 500
5000 12
5 2
5 4
1 1
1 3
1 3
100 40
140 3
41 12
4100 500
5000 12
0 5012
00000 00
0 5012
1 02
1 01
0 2
0 1
0 2
000 0
0 2
1 2
10000 300
10300 2
30 5012
30000000 1220000
31220000 5012
0 24423122
000000000 24014500000
24014500000 24423122
0 23512015222
000000000000000 1313035000000000
1313035000000000 23512015222
1 34
0 00
3 4
0 0
1 1
0 0
0 0
000 0
0 0
0 0
000 0
0 0
3 5
0 0
1 2
0 0
0 0
000 0
0 0
0 0
000 0
0 0
0 0
00000 00
0 0
134 540
000 000
5 40
0 00
4 0
0 0
0 0
000 0
0 0
4 5
0 0
1 3
0 0
0 0
000 0
0 0
0 0
000 0
0 0
0 0
00000 00
0 0
1 1
0 0
0 0
000 0
0 0
11 14
00 00
1 4
0 0
0 0
000 0
0 0
2 5
0 0
1 1
0 0
0 0
000 0
0 0
0 0
000 0
0 0
0 0
00000 00
0 0
0 0
0000000 000
0 0
134540 4053504
000000 0003054
4 05
0 00
0 5
0 0
0 0
000 0
0 0
1 3
0 0
0 0
000 0
0 0
0 0
00000 00
0 0
405 3504
000 3054
3 5
3 0
1 2
0 3
0 10
000 30
30 10
13 0
1300 230
1530 0
35 04
30 54
0 4
5 4
0 4
1 3
0 20
000 40
40 20
0 24
000 320
320 24
0 43
1 24
4 3
2 4
1 1
1 0
1 0
100 10
110 0
12 20
1200 340
1540 20
4 3
2 5
1 1
1 1
1 1
100 20
120 1
12 23
1200 420
2020 23
0 2000
00000 4300
4300 2000
1530 344
15300000 354200
20054200 344
4 3
3 0
1 1
0 3
0 3
000 30
30 3
20 0
2000 130
2130 0
43 13
30 54
1 3
5 4
0 4
1 3
0 20
000 40
40 20
5 20
500 310
1210 20
1 00
1 24
0 0
2 4
0 0
1 0
0 0
000 0
0 0
0 0
000 0
0 0
0 1
2 5
0 1
1 1
0 1
000 10
10 1
0 5
000 20
20 5
1 0
10000 2400
12400 0
2130 1230
21300000 500000
22200000 1230
0 20054544
000000000 21022420000
21022420000 20054544
4 23
0 00
2 3
0 0
0 0
000 0
0 0
3 1
0 0
0 0
000 0
0 0
0 0
00000 00
0 0
423 2444
000 3054
2 4
3 0
1 0
0 3
0 0
000 30
30 0
10 0
1000 200
1200 0
24 44
30 54
4 4
5 4
1 2
1 3
1 10
100 50
150 10
32 24
3200 1000
4200 24
1 12
1 24
1 2
2 4
0 3
1 0
0 0
000 30
30 0
2 12
200 120
320 12
1 3
2 5
0 4
1 1
0 4
000 40
40 4
2 23
200 150
350 23
1 332
10000 4000
14000 332
1200 4224
12000000 450400
12450400 4224
3 3
3 0
1 0
0 3
0 0
000 30
30 0
13 0
1300 130
1430 0
33 11
30 54
1 1
5 4
0 2
1 3
0 10
000 20
20 10
5 4
500 130
1030 4
0 44
1 24
4 4
2 4
1 2
1 0
1 0
100 20
120 0
12 24
1200 400
2000 24
4 4
2 5
1 2
1 1
1 2
100 30
130 2
12 32
1200 440
2040 32
0 2024
00000 4400
4400 2024
1430 1034
14300000 352000
15052000 1034
0 12455024
000000000 21540100000
21540100000 12455024
0 21042514544
000000000000000 5100400400000000
5100400400000000 21042514544
0 1313102512015222
000000000000000000000000000 33433145304553220000000000000
33433145304553220000000000000 1313102512015222
2 00
0 00
0 0
0 0
0 0
000 0
0 0
0 0
00000 00
0 0
200 224
000 000
2 24
0 00
2 4
0 0
1 0
0 0
0 0
000 0
0 0
0 0
000 0
0 0
3 0
0 0
0 0
000 0
0 0
0 0
00000 00
0 0
4 24
0 00
2 4
0 0
1 0
0 0
0 0
000 0
0 0
0 0
000 0
0 0
3 2
0 0
0 0
000 0
0 0
0 0
00000 00
0 0
0 0
0000000 000
0 0
200224 1523134
000000 0000000
1 52
0 00
5 2
0 0
1 1
0 0
0 0
000 0
0 0
0 0
000 0
0 0
5 3
0 0
1 2
0 0
0 0
000 0
0 0
0 0
000 0
0 0
0 0
00000 00
0 0
152 3134
000 0000
3 1
0 0
0 0
000 0
0 0
31 34
00 00
3 4
0 0
1 1
0 0
0 0
000 0
0 0
0 0
000 0
0 0
1 05
0 00
0 5
0 0
0 0
000 0
0 0
1 0
0 0
0 0
000 0
0 0
0 0
00000 00
0 0
0 0
00000 00
0 0
3 3
0 0
1 0
0 0
0 0
000 0
0 0
0 0
000 0
0 0
33 30
00 00
3 0
0 0
0 0
000 0
0 0
1 03
0 00
0 3
0 0
0 0
000 0
0 0
0 0
00000 00
0 0
0 0
00000 00
0 0
0 0
000000000 0000
0 0
2 12
0 00
1 2
0 0
0 0
000 0
0 0
1 4
0 0
0 0
000 0
0 0
0 0
00000 00
0 0
212 3402
000 0000
3 4
0 0
1 1
0 0
0 0
000 0
0 0
0 0
000 0
0 0
34 02
00 00
0 2
0 0
0 0
000 0
0 0
4 0
0 0
0 0
000 0
0 0
0 0
00000 00
0 0
4 0
0 0
0 0
000 0
0 0
40 14
00 00
1 4
0 0
0 0
000 0
0 0
5 4
0 0
1 3
0 0
0 0
000 0
0 0
0 0
000 0
0 0
0 0
00000 00
0 0
0 0
000000000 0000
0 0
0 0
000000000000000 0000000
0 0
2002241523134 5540154102452
0000000000000 0000000003054
5 54
0 00
5 4
0 0
1 3
0 0
0 0
000 0
0 0
0 0
000 0
0 0
1 03
0 00
0 3
0 0
0 0
000 0
0 0
0 0
00000 00
0 0
0 0
00000 00
0 0
554 015
000 000
0 15
0 00
1 5
0 0
1 0
0 0
0 0
000 0
0 0
0 0
000 0
0 0
1 5
0 0
1 0
0 0
0 0
000 0
0 0
0 0
000 0
0 0
0 0
00000 00
0 0
1 0
0 0
0 0
000 0
0 0
10 13
00 00
1 3
0 0
0 0
000 0
0 0
2 3
0 0
0 0
000 0
0 0
0 0
00000 00
0 0
0 0
0000000 000
0 0
554015 4102452
000000 0003054
4 10
0 00
1 0
0 0
0 0
000 0
0 0
1 4
0 0
0 0
000 0
0 0
0 0
00000 00
0 0
410 2452
000 3054
2 4
3 0
1 0
0 3
0 0
000 30
30 0
10 0
1000 200
1200 0
24 52
30 54
5 2
5 4
1 1
1 3
1 3
100 40
140 3
41 12
4100 500
5000 12
1 20
1 24
2 0
2 4
0 2
1 0
0 0
000 20
20 0
4 0
400 120
520 0
2 1
2 5
0 3
1 1
0 3
000 30
30 3
4 5
400 200
1000 5
1 520
10000 4400
14400 520
1200 5012
12000000 510400
12510400 5012
3 3
3 0
1 0
0 3
0 0
000 30
30 0
13 0
1300 130
1430 0
33 02
30 54
0 2
5 4
0 2
1 3
0 10
000 20
20 10
0 12
000 140
140 12
0 35
1 24
3 5
2 4
1 2
1 0
1 0
100 20
120 0
10 32
1000 340
1340 32
3 5
2 5
1 2
1 1
1 2
100 30
130 2
10 41
1000 410
1410 41
0 1412
00000 3500
3500 1412
1430 152
14300000 325000
15025000 152
0 12515412
000000000 21053400000
21053400000 12515412
5 10
0 00
1 0
0 0
0 0
000 0
0 0
1 5
0 0
1 0
0 0
0 0
000 0
0 0
0 0
000 0
0 0
0 0
00000 00
0 0
510 0511
000 3054
0 5
3 0
0 0
000 230
230 0
05 11
30 54
1 1
5 4
0 2
1 3
0 10
000 20
20 10
5 4
500 130
1030 4
0 20
1 24
2 0
2 4
0 2
1 0
0 0
000 20
20 0
4 0
400 120
520 0
2 0
2 5
0 2
1 1
0 2
000 20
20 2
4 0
400 140
540 0
0 520
00000 2000
2000 520
230 1034
2300000 121200
2421200 1034
1 4
3 0
3 0
300 200
500 0
14 21
30 54
2 1
5 4
0 3
1 3
0 13
000 30
30 13
14 4
1400 210
2010 4
0 35
1 24
3 5
2 4
1 2
1 0
1 0
100 20
120 0
10 32
1000 340
1340 32
3 5
2 5
1 2
1 1
1 2
100 30
130 2
10 41
1000 410
1410 41
0 1412
00000 3500
3500 1412
500 2014
5000000 235400
5235400 2014
0 2422234
000000000 24151400000
24151400000 2422234
0 21110315412
000000000000000 30435024220000000
30435024220000000 21110315412
1 15
0 00
1 5
0 0
1 0
0 0
0 0
000 0
0 0
0 0
000 0
0 0
2 0
0 0
0 0
000 0
0 0
0 0
00000 00
0 0
115 4244
000 0000
4 2
0 0
1 0
0 0
0 0
000 0
0 0
0 0
000 0
0 0
42 44
00 00
4 4
0 0
1 2
0 0
0 0
000 0
0 0
0 0
000 0
0 0
1 30
0 00
3 0
0 0
0 0
000 0
0 0
3 1
0 0
0 0
000 0
0 0
0 0
00000 00
0 0
0 0
00000 00
0 0
4 4
0 0
1 2
0 0
0 0
000 0
0 0
0 0
000 0
0 0
44 03
00 00
0 3
0 0
0 0
000 0
0 0
5 1
0 0
1 0
0 0
0 0
000 0
0 0
0 0
000 0
0 0
0 0
00000 00
0 0
0 0
000000000 0000
0 0
1154244 0030030
0000000 0003054
0 03
0 00
0 3
0 0
0 0
000 0
0 0
0 0
00000 00
0 0
003 0030
000 3054
0 0
3 0
0 0
000 0
0 0
00 30
30 54
3 0
5 4
0 3
1 3
0 13
000 30
30 13
23 0
2300 200
2500 0
0 30
1 24
3 0
2 4
0 3
1 0
0 0
000 30
30 0
10 0
1000 200
1200 0
3 0
2 5
0 3
1 1
0 3
000 30
30 3
10 0
1000 230
1230 0
0 1200
00000 3000
3000 1200
0 2500
00000 130000
130000 2500
0 0
3 0
0 0
000 0
0 0
00 33
30 54
3 3
5 4
1 0
1 3
1 0
100 30
130 0
23 20
2300 430
3130 20
0 33
1 24
3 3
2 4
1 0
1 0
1 0
100 0
100 0
10 20
1000 300
1300 20
3 3
2 5
1 0
1 1
1 0
100 10
110 0
10 23
1000 330
1330 23
0 1320
00000 3300
3300 1320
0 3150
00000 143000
143000 3150
0 132500
000000000 132500000
132500000 132500
1 22
0 00
2 2
0 0
0 0
000 0
0 0
2 3
0 0
0 0
000 0
0 0
0 0
00000 00
0 0
122 4314
000 3054
4 3
3 0
1 1
0 3
0 3
000 30
30 3
20 0
2000 130
2130 0
43 14
30 54
1 4
5 4
0 5
1 3
0 23
000 50
50 23
5 24
500 400
1300 24
1 01
1 24
0 1
2 4
0 1
1 0
0 0
000 10
10 0
0 4
000 20
20 4
0 2
2 5
0 2
1 1
0 2
000 20
20 2
0 14
000 40
40 14
1 24
10000 2500
12500 24
2130 1324
21300000 503000
22203000 1324
4 4
3 0
1 2
0 3
0 10
000 30
30 10
20 0
2000 200
2200 0
44 40
30 54
4 0
5 4
0 4
1 3
0 20
000 40
40 20
32 0
3200 240
3440 0
1 24
1 24
2 4
2 4
1 0
1 0
1 0
100 0
100 0
4 24
400 240
1040 24
2 5
2 5
1 1
1 1
1 1
100 20
120 1
4 41
400 320
1120 41
1 1104
10000 5200
15200 1104
2200 3440
22000000 1022400
23022400 3440
0 22204324
000000000 4215120000
4215120000 22204324
0 133032500
000000000000000 41042514240000000
41042514240000000 133032500
0 30435045330315412
000000000000000000000000000 102034250423130440000000000000
102034250423130440000000000000 30435045330315412
0 33433145304554533102512015222
00000000000000000000000000000000000000000000000000000 2420110111420234154241430015000000000000000000000000000
2420110111420234154241430015000000000000000000000000000 33433145304554533102512015222
2420110111420234154241430052433145304554533102512015222
